2 0.180487 0.288664 0.161731 0.161731
4 0.344597 0.353483 0.189086 0.149843
4 0.289895 0.447428 0.192650 0.151028
5 0.287515 0.503321 0.133191 0.080865
3 0.495925 0.364183 0.198004 0.236652
3 0.404356 0.564862 0.220600 0.250330
3 0.735254 0.542266 0.241412 0.182542
2 0.647847 0.659997 0.252115 0.234867
1 0.874689 0.770000 0.188491 0.251520
4 0.449546 0.709651 0.184922 0.160546
2 0.203380 0.829462 0.224164 0.261033
3 0.264327 0.638891 0.101082 0.203353
3 0.181379 0.597269 0.120703 0.211682
3 0.113299 0.455157 0.210492 0.242601
