2 0.750613 0.255365 0.189957 0.157396
2 0.469071 0.327280 0.166894 0.165538
2 0.318460 0.389695 0.164182 0.165538
0 0.513749 0.564100 0.105467 0.337817
0 0.631572 0.756083 0.337817 0.128536
0 0.123204 0.451224 0.115354 0.342761
3 0.365440 0.550095 0.118649 0.194452
3 0.399219 0.687693 0.156548 0.209281
4 0.277515 0.652615 0.134187 0.189271
4 0.196299 0.694992 0.118649 0.175149
4 0.108017 0.702761 0.117234 0.165262
1 0.182777 0.846937 0.297828 0.239719
3 0.492242 0.897504 0.226861 0.170686
3 0.747909 0.888865 0.226861 0.170686
