0 0.127951 0.324961 0.251360 0.269022
0 0.210152 0.402409 0.225542 0.220107
0 0.339089 0.287749 0.174547 0.337544
0 0.504651 0.305722 0.164278 0.317010
2 0.609250 0.471284 0.193800 0.186099
0 0.461655 0.554705 0.178398 0.237437
2 0.283260 0.507220 0.224598 0.227167
3 0.104969 0.803676 0.172558 0.244688
0 0.353196 0.779632 0.250349 0.151338
0 0.419859 0.701003 0.344699 0.106504
0 0.684969 0.771428 0.343553 0.144295
3 0.876540 0.841939 0.244413 0.182574
0 0.733617 0.368884 0.124941 0.320556
2 0.869916 0.377091 0.190568 0.203187
