4 0.620885 0.285702 0.112668 0.101280
2 0.638860 0.440024 0.152222 0.184588
2 0.266124 0.336630 0.276735 0.272722
0 0.461442 0.460557 0.263098 0.262297
4 0.356361 0.415640 0.162028 0.151603
4 0.143397 0.515906 0.154809 0.161226
4 0.236670 0.558526 0.105487 0.116095
4 0.168607 0.643090 0.174438 0.109613
2 0.649973 0.614266 0.208886 0.227294
2 0.852878 0.695247 0.195083 0.190484
3 0.490344 0.648943 0.217698 0.248795
3 0.302641 0.719451 0.218074 0.257891
4 0.133741 0.764868 0.129634 0.164874
4 0.172469 0.885073 0.103744 0.114857
