1 0.166037 0.335549 0.330023 0.396203
1 0.465082 0.180158 0.372710 0.305341
1 0.769544 0.169223 0.362208 0.278220
1 0.304744 0.398099 0.319301 0.320039
1 0.478034 0.332839 0.306028 0.295707
0 0.160831 0.653158 0.196738 0.338203
0 0.279597 0.641313 0.150023 0.342152
2 0.383462 0.610817 0.206417 0.207268
1 0.369904 0.847524 0.361656 0.303363
0 0.676085 0.785814 0.345397 0.120541
7 0.857293 0.832724 0.214901 0.168107
1 0.586527 0.549963 0.337335 0.272670
1 0.694549 0.361648 0.306056 0.324096
1 0.880901 0.414741 0.236642 0.288704
