1 0.251973 0.173058 0.392857 0.326038
2 0.162690 0.332044 0.202764 0.199308
2 0.552088 0.300360 0.200462 0.202764
2 0.749091 0.345291 0.202764 0.200462
4 0.415569 0.329739 0.104841 0.160137
4 0.364874 0.473747 0.114055 0.155527
4 0.282505 0.499093 0.115209 0.164747
1 0.534810 0.463956 0.354841 0.313363
1 0.823280 0.519253 0.353440 0.343319
0 0.344140 0.613148 0.167049 0.150923
8 0.192063 0.644255 0.217742 0.125577
8 0.161533 0.817066 0.135945 0.243088
9 0.282503 0.821099 0.168203 0.149769
6 0.694945 0.858541 0.299538 0.217742
