7 0.952063 0.584981 0.085399 0.216251
8 0.894900 0.785396 0.097796 0.134989
3 0.569142 0.704812 0.242425 0.232780
0 0.442420 0.914870 0.192835 0.134989
1 0.183704 0.639388 0.338372 0.314048
6 0.778987 0.275299 0.400410 0.379258
6 0.300568 0.295545 0.373549 0.370482
6 0.462669 0.286002 0.296633 0.383998
1 0.434842 0.533012 0.318909 0.285515
0 0.206415 0.844294 0.193594 0.144845
0 0.639560 0.865883 0.188023 0.093317
8 0.789283 0.826888 0.111423 0.107243
8 0.831761 0.861011 0.107243 0.116993
5 0.367780 0.806633 0.328804 0.183422
