6 0.752935 0.431816 0.212201 0.273778
9 0.461981 0.251016 0.161967 0.156602
4 0.387780 0.311415 0.178824 0.140694
4 0.582528 0.361946 0.171312 0.148770
9 0.467336 0.420556 0.153220 0.127355
4 0.355035 0.554336 0.139913 0.178949
4 0.273748 0.431377 0.184407 0.176282
9 0.220165 0.551000 0.172114 0.126217
9 0.170680 0.627379 0.167810 0.126932
6 0.521041 0.590507 0.279631 0.242520
6 0.774474 0.726572 0.255680 0.303864
0 0.501732 0.733301 0.287767 0.233810
0 0.415780 0.785482 0.289967 0.232710
0 0.230060 0.797363 0.310656 0.194856
