2 0.898489 0.130508 0.200812 0.206243
2 0.721417 0.211920 0.207597 0.208956
8 0.842180 0.381528 0.134326 0.200812
8 0.673931 0.348282 0.196746 0.164177
7 0.766196 0.540276 0.194028 0.124829
7 0.546384 0.764157 0.128901 0.200812
9 0.675964 0.464293 0.143829 0.111260
9 0.448688 0.781801 0.088193 0.132972
9 0.374743 0.810296 0.094978 0.143829
0 0.869992 0.653577 0.181818 0.147895
0 0.367282 0.531461 0.139757 0.175033
3 0.244489 0.454119 0.203530 0.188602
1 0.477862 0.270268 0.230663 0.314790
1 0.746522 0.739735 0.360923 0.358210
