3 0.288864 0.393952 0.208360 0.247859
3 0.499199 0.295204 0.253786 0.222185
4 0.738668 0.315443 0.161948 0.171822
2 0.643858 0.436522 0.280771 0.229257
2 0.824507 0.519232 0.238690 0.266984
4 0.404807 0.536643 0.194436 0.097215
3 0.251362 0.621888 0.218376 0.245944
0 0.513269 0.632771 0.303985 0.096494
0 0.456313 0.737611 0.304711 0.124788
8 0.430922 0.843531 0.227810 0.118982
7 0.580017 0.817411 0.100848 0.192983
7 0.637691 0.804719 0.113181 0.209670
7 0.696095 0.784403 0.126962 0.190809
3 0.791863 0.766990 0.218376 0.256103
