6 0.814542 0.274811 0.370917 0.422278
1 0.572736 0.169237 0.340675 0.309583
1 0.335692 0.164704 0.226685 0.303106
9 0.528046 0.278049 0.189122 0.138600
0 0.530546 0.394539 0.289786 0.232053
4 0.361227 0.413968 0.168765 0.157662
4 0.172530 0.492451 0.117124 0.196229
9 0.487228 0.525538 0.166575 0.185291
9 0.409086 0.635969 0.165637 0.138502
4 0.665033 0.594791 0.136630 0.189034
4 0.573787 0.703345 0.156279 0.190906
4 0.437157 0.767914 0.156279 0.189034
3 0.840494 0.511968 0.233019 0.154407
3 0.826924 0.643919 0.232080 0.148793
3 0.222840 0.716092 0.209171 0.263030
