3 0.187332 0.164203 0.232655 0.134696
1 0.376446 0.258764 0.221766 0.296600
6 0.755361 0.260121 0.478913 0.517009
3 0.162163 0.405701 0.179592 0.250342
3 0.338350 0.464200 0.216325 0.195916
4 0.395497 0.618626 0.159183 0.153742
4 0.288689 0.641071 0.152379 0.155099
4 0.211142 0.698217 0.163267 0.144216
9 0.078488 0.754677 0.153742 0.110204
9 0.151956 0.866923 0.131970 0.171429
4 0.349917 0.763521 0.190475 0.185033
4 0.620668 0.864203 0.157826 0.206805
1 0.653998 0.579167 0.325171 0.308841
1 0.815900 0.733593 0.349658 0.353742
