3 0.676459 0.841088 0.280273 0.100682
3 0.360134 0.861495 0.281631 0.125172
3 0.120679 0.837687 0.216328 0.284354
6 0.739724 0.679182 0.379591 0.253061
6 0.394143 0.700273 0.352379 0.276192
7 0.151288 0.695510 0.133333 0.195919
3 0.713873 0.464217 0.191839 0.133333
3 0.556732 0.474416 0.127889 0.197278
7 0.369656 0.488025 0.164626 0.172788
1 0.695507 0.300952 0.291157 0.304763
1 0.484624 0.273061 0.277550 0.338778
7 0.256735 0.419318 0.189116 0.160546
7 0.192788 0.436326 0.123808 0.202722
1 0.276459 0.263535 0.261222 0.306121
