6 0.274036 0.282190 0.426632 0.365489
1 0.513846 0.224442 0.368209 0.353258
1 0.735313 0.406511 0.349187 0.317934
1 0.635453 0.454742 0.271742 0.207879
1 0.434363 0.386810 0.315220 0.297555
1 0.571588 0.648354 0.328802 0.266302
1 0.737352 0.759772 0.317934 0.304346
2 0.361146 0.554305 0.214621 0.176687
2 0.167986 0.523857 0.193654 0.153725
2 0.313234 0.644140 0.200643 0.168698
5 0.391091 0.717725 0.127060 0.050055
5 0.397511 0.803717 0.134758 0.088555
7 0.542538 0.833876 0.198934 0.177115
7 0.488632 0.894843 0.216901 0.139896
