3 0.176209 0.187293 0.255541 0.155149
3 0.150789 0.424578 0.191656 0.272489
1 0.358088 0.279211 0.230767 0.310298
6 0.749876 0.276598 0.485006 0.539763
3 0.327450 0.482597 0.232075 0.198173
1 0.653394 0.599288 0.328554 0.327252
1 0.819627 0.758347 0.345502 0.366363
4 0.624059 0.891990 0.162975 0.205999
4 0.339180 0.786380 0.198173 0.192958
4 0.206200 0.733576 0.164277 0.160364
4 0.285077 0.673607 0.157759 0.173405
4 0.391984 0.644269 0.176010 0.156451
9 0.157304 0.895243 0.162975 0.181225
9 0.082238 0.785077 0.164476 0.140806
