2 0.719248 0.187960 0.212516 0.219036
2 0.890697 0.298777 0.203388 0.185136
0 0.402429 0.348322 0.108214 0.328551
0 0.483265 0.323551 0.089962 0.325948
0 0.579090 0.349630 0.119946 0.325948
0 0.674921 0.443497 0.139504 0.161667
0 0.189916 0.565403 0.173404 0.113431
0 0.159276 0.820291 0.174706 0.122554
0 0.459142 0.699692 0.172097 0.118644
0 0.682742 0.763581 0.103001 0.173404
3 0.799434 0.592781 0.195566 0.243807
9 0.448717 0.546498 0.156454 0.117342
9 0.250539 0.641024 0.166885 0.121253
8 0.539327 0.601258 0.082141 0.140806
8 0.356149 0.892002 0.138203 0.114733
8 0.428510 0.617554 0.144722 0.053453
9 0.575836 0.839199 0.123862 0.136895
