1 0.713402 0.160627 0.349118 0.301759
1 0.751969 0.505689 0.342356 0.355885
7 0.484715 0.438029 0.197563 0.185385
4 0.531399 0.531401 0.177267 0.174562
4 0.680925 0.739112 0.175912 0.165089
4 0.795269 0.799328 0.179973 0.182679
1 0.250613 0.350753 0.384303 0.311232
7 0.189723 0.442768 0.119080 0.178618
7 0.184309 0.562520 0.219215 0.093367
7 0.363607 0.647095 0.198919 0.127197
1 0.133564 0.798655 0.263868 0.335589
7 0.304067 0.764822 0.158322 0.221920
7 0.282418 0.897434 0.217864 0.078483
0 0.469833 0.748583 0.184034 0.105546
