6 0.145258 0.197441 0.268204 0.336218
0 0.268347 0.233359 0.125483 0.352497
0 0.359823 0.242461 0.128356 0.332385
0 0.459444 0.287957 0.174332 0.318013
9 0.141908 0.451277 0.171459 0.175292
3 0.304750 0.512581 0.182957 0.248092
0 0.337795 0.732416 0.287363 0.285449
3 0.261162 0.815749 0.262458 0.273956
0 0.458962 0.536526 0.202110 0.242346
2 0.573432 0.460853 0.208816 0.190617
0 0.721425 0.358841 0.146554 0.327593
2 0.866066 0.365067 0.202110 0.202110
0 0.618934 0.689787 0.121650 0.265331
2 0.808591 0.561431 0.228934 0.221268
0 0.811942 0.690746 0.268204 0.129315
0 0.776504 0.831077 0.350584 0.137935
