2 0.397702 0.236842 0.201070 0.210453
2 0.485502 0.394348 0.156834 0.198390
2 0.338521 0.425827 0.155568 0.191741
1 0.205748 0.478646 0.296659 0.333559
8 0.349907 0.811553 0.173996 0.222953
0 0.520136 0.845450 0.166463 0.108466
0 0.698270 0.746397 0.171736 0.137838
0 0.638766 0.888008 0.188308 0.158930
0 0.789784 0.795737 0.195082 0.135579
8 0.843818 0.667102 0.207003 0.159170
6 0.661217 0.572743 0.559945 0.479951
1 0.633684 0.234462 0.306321 0.318215
8 0.813117 0.231984 0.147707 0.231971
7 0.911236 0.310663 0.128914 0.210486
