0 0.535654 0.457134 0.158653 0.292255
0 0.655895 0.394927 0.203743 0.276387
0 0.707666 0.469240 0.205414 0.274716
8 0.735216 0.555665 0.160319 0.111893
8 0.547342 0.607853 0.167004 0.045928
8 0.352783 0.639164 0.155311 0.133602
9 0.752336 0.618291 0.127756 0.101871
3 0.763188 0.720992 0.214597 0.130260
3 0.542747 0.731850 0.234635 0.195392
3 0.698061 0.837896 0.219605 0.140281
7 0.350433 0.875465 0.192353 0.121769
8 0.290706 0.824662 0.142710 0.083764
8 0.203061 0.818069 0.133402 0.120216
8 0.125116 0.809540 0.126425 0.123321
