1 0.760319 0.225767 0.260759 0.310300
1 0.850278 0.470227 0.232074 0.314209
1 0.684045 0.462404 0.288133 0.269885
9 0.865922 0.663185 0.195568 0.196872
9 0.777915 0.694476 0.202085 0.170797
2 0.734239 0.856144 0.310300 0.228160
9 0.568663 0.824855 0.127773 0.144722
2 0.631894 0.669053 0.189050 0.252931
2 0.476747 0.632546 0.241201 0.234678
2 0.440237 0.798780 0.251632 0.282920
2 0.268791 0.813120 0.255540 0.243805
8 0.138414 0.785090 0.148630 0.289438
6 0.359402 0.304642 0.402866 0.478488
6 0.226416 0.515860 0.332462 0.441981
