2 0.551290 0.205030 0.263945 0.276191
2 0.218634 0.271019 0.224492 0.214967
2 0.296189 0.690746 0.284355 0.251699
1 0.371016 0.317956 0.216328 0.311563
1 0.209112 0.475096 0.281634 0.326530
1 0.636322 0.590063 0.349661 0.284355
1 0.759448 0.285301 0.250339 0.325169
5 0.910470 0.358768 0.152383 0.232650
5 0.900268 0.670336 0.194557 0.254421
7 0.722719 0.740404 0.209525 0.149661
7 0.512514 0.736320 0.200000 0.190475
7 0.360131 0.816596 0.210885 0.165989
5 0.193467 0.796189 0.193197 0.223131
4 0.392104 0.569656 0.122448 0.175508
4 0.722036 0.513872 0.161907 0.145579
