2 0.573141 0.288586 0.227451 0.264563
2 0.389943 0.305718 0.239820 0.228401
2 0.278122 0.426103 0.273133 0.202707
7 0.831564 0.342257 0.176545 0.171239
5 0.811861 0.403251 0.140175 0.134110
7 0.702336 0.429653 0.176463 0.148630
7 0.594061 0.466119 0.192609 0.135830
3 0.853684 0.570510 0.151354 0.164765
3 0.739692 0.575300 0.146883 0.187118
5 0.582590 0.593821 0.097069 0.164127
5 0.647088 0.660554 0.089405 0.167320
4 0.509146 0.577216 0.131556 0.162849
4 0.411438 0.638521 0.132833 0.171790
3 0.529858 0.770641 0.309421 0.294034
